Score=0.0992808055176
alpha=[0.09960324888404024, -0.009764590615216742, 0.09818594774176148]
beta=[1.4079663160914411, 1.4939209235112443, 1.5316761501173954, 1.521160183862408, 1.5132883227528997, 1.477721313266174]
gamma=[0.3657010953474802, 1, 0.924609652400288, 1, 0.9494612930810022, 0.40073504133601257]

Score=0.0938170445619
alpha=[0.09960324888404024, -0.009764590615216742, 0.09818594774176148]
beta=[1.4067929263812384, 1.4939209235112443, 1.561249196489315, 1.5592096694760338, 1.505758827902544, 1.429942497590752]
gamma=[0.3657010953474802, 1, 0.924609652400288, 0.2970246600747247, 0.7184631949867774, 0.495641357559213]

