Score=0.0981876535528
alpha=[0.03246056072262541, -0.0609010996864531, -0.05319137243652988]
beta=[1.4616892401330492, 1.5303991707123572, 1.4774114788731258, 1.530961316119801, 1.4142127550419206, 1.5785046463833294]
gamma=[1, 0.05496627654224295, 0.8546508332631908, 1, 0.5157618218755927, 1]

Score=0.0994321151775
alpha=[0.03246056072262541, -0.0609010996864531, -0.052915107423692272]
beta=[1.4413661268716613, 1.4570952365759937, 1.4774114788731258, 1.5304017228713584, 1.4142127550419206, 1.5785046463833294]
gamma=[1, 0.05496627654224295, 0.278217026136943, 1, 0.5157618218755927, 1]

