Score=0.800782242743
alpha=[0.07219304228491538, -0.07197536679411985, -0.013444000667569955]
beta=[1.5619422517732224, 1.5287782127679348, 1.6, 1.4070114051553197, 1.5816729116891357, 1.4]
gamma=[0.8204346131400578, 1, 1, 1, 0.35573438030526583, 0.3557523518379714]
delta=[0.06738570057340068, 0.05383838316808714, 0.0569454071189372]

Score=0.964229542505
alpha=[0.07219304228491538, -0.07197536679411985, -0.013444000667569955]
beta=[1.5619422517732224, 1.5287782127679348, 1.6, 1.4070114051553197, 1.5816729116891357, 1.4]
gamma=[0.8204346131400578, 1, 1, 1, 0.35573438030526583, 0.3557523518379714]
delta=[0.02464840112565129, 0.042001465447606016, 0.007095999518559215]

Score=0.98437335234
alpha=[0.07219304228491538, -0.07197536679411985, -0.013444000667569955]
beta=[1.5619422517732224, 1.5287782127679348, 1.6, 1.4070114051553197, 1.5816729116891357, 1.4]
gamma=[0.8204346131400578, 1, 1, 1, 0.35573438030526583, 0.3557523518379714]
delta=[0.0050947735360111325, 0.005828998286076925, 0.0046077357408116915]

Score=0.983132196521
alpha=[0.07219304228491538, -0.07197536679411985, -0.013444000667569955]
beta=[1.5619422517732224, 1.5287782127679348, 1.6, 1.4070114051553197, 1.5816729116891357, 1.4]
gamma=[0.8204346131400578, 1, 1, 1, 0.35573438030526583, 0.3557523518379714]
delta=[-0.0062603177581700819, 0.042001465447606016, 0.0063824790631412708]

