Score=0.0970608466689
alpha=[-0.032613155071446284, -0.050484239627840759, -0.067868576732830713]
beta=[1.5891749016224348, 1.5498934714173995, 1.4640792660471571, 1.6, 1.4276309414172261, 1.4523755081201917]
gamma=[1, 0.2716468713648085, 0.7703991581599873, 1, 0.14120022212029748, 1]

Score=0.0882417930186
alpha=[-0.032613155071446284, -0.05050279996650754, -0.067868576732830713]
beta=[1.5810932391420853, 1.5511315274134907, 1.4639197942431676, 1.6, 1.4254128914306554, 1.4573615321005444]
gamma=[1, 0.2716468713648085, 0.7703991581599873, 1, 0.14120022212029748, 1]

