Score=0.0965256516068
alpha=[0.038592573825846958, -0.06439757508076593, 8.566039332873477e-05]
beta=[1.4459758164938818, 1.4090367011699363, 1.518605176544478, 1.5125289349901203, 1.4607879322109192, 1.5444110554179009]
gamma=[0.14397366260765398, 1, 0.7355718974082008, 0.6630943214876892, 0.39844448885210604, 0.3324849751383747]

