Score=0.0948518268712
alpha=[0.004582971915024459, -0.01759253506033251, -0.028591054377903602]
beta=[1.5430094636770508, 1.545068418609353, 1.4708224994576033, 1.5065318201771358, 1.5237601746172014, 1.585748075488384]
gamma=[0.8544192076187008, 0.9236147317999841, 0.105202725207722, 0.9477257393484187, 0.5201749523239513, 0.8803471433493516]

