Score=0.0998655609351
alpha=[0.013951657841844612, -0.04918311580107792, -0.010193014202400309]
beta=[1.4663434789780372, 1.4507714584357472, 1.5328088263354487, 1.4041308388372962, 1.586161477291965, 1.4956326162771147]
gamma=[0.6850939988859346, 0.8833680350130975, 0.6719649885408601, 0.7680300228793053, 0.6167296688015229, 0.36624265816058255]

