Score=0.0935139235613
alpha=[0.015723745395495935, -0.08535640302073332, -0.08731228252981953]
beta=[1.44621903428311, 1.456774912144611, 1.416801114717581, 1.5297933604953393, 1.4603252855543705, 1.5420868879419343]
gamma=[0.06976495698138285, 0.13185361686236807, 1, 0.5397472077681384, 0.8870821088521635, 0.14547482155181213]

Score=0.0987652121386
alpha=[0.015723745395495935, -0.09582920869450563, -0.030413774986758572]
beta=[1.4216044159559766, 1.4276427741069253, 1.416801114717581, 1.5700250996394065, 1.5044402256536744, 1.5420868879419343]
gamma=[0.08083433830077735, 0.13185361686236807, 1, 0.5397472077681384, 0.8870821088521635, 0.14547482155181213]

