Score=0.0980313173123
alpha=[0.07727621055758709, -0.01130377923294032, 0.025047094460668242]
beta=[1.57332574773377, 1.5659896318117066, 1.5895426730424074, 1.5504471987928594, 1.4724012792238503, 1.4647540897205251]
gamma=[0.3605218182169957, 0.3420106702771458, 0.456945359101083, 0.614363914779075, 0.32744519987430754, 1]

Score=0.0988919615531
alpha=[0.07727621055758709, -0.01130377923294032, 0.025047094460668242]
beta=[1.57332574773377, 1.5659896318117066, 1.5895426730424074, 1.5846294205020137, 1.4724012792238503, 1.4647540897205251]
gamma=[0.3605218182169957, 0.4627018526386354, 0.456945359101083, 0.614363914779075, 0.32744519987430754, 1]

