Score=0.0913741208565
alpha=[0.026889158788945246, -0.017141040961990484, 0.007342283815042106]
beta=[1.450527618785078, 1.585096506067048, 1.4266955716020624, 1.4412751213393202, 1.4128273206712623, 1.5215616526575313]
gamma=[0.9870243471467176, 1, 0.7735688203391268, 0.9680594979352922, 0.17253471051742164, 0.6793672011072679]

