Score=0.0782977151119
alpha=[0.003427288272571938, -0.00773858637514771, -0.03394981689773594]
beta=[1.5573917492845144, 1.5081777512476997, 1.5269497677479662, 1.4456879996247927, 1.4543507069082218, 1.4858889576636838]
gamma=[0.7116542997218148, 0.21782296310503002, 0.8796675698659152, 0.7349822954188203, 0.08436184256775203, 0.41230022676141787]

Score=0.0939468360028
alpha=[0.011254129428380756, -0.0019331983148297288, -0.039010656657235424]
beta=[1.4773885166791858, 1.5369313517864711, 1.44028206593572, 1.4461516647670776, 1.5957913156900334, 1.4715412875852558]
gamma=[0.9344507322058226, 0.604076918000381, 0.727097529238226, 0.36047192939529316, 0.5974361979753494, 0.5887843496609083]

