Score=0.498904441253
alpha=[0.07311839828341461, -0.09370590670478031, -0.02812466671547025]
beta=[1.4129487201236925, 1.570946509407637, 1.5292319900863856, 1.48352956034238, 1.5510027167866685, 1.5665998827136685]
gamma=[0.5713115828672628, 0.8395086488022614, 0.2500849870291242, 0.4717544144332807, 0.870450012601514, 0.12743721578627387]
[0.07311839828341461, -0.09370590670478031, -0.02812466671547025, 1.4129487201236925, 1.570946509407637, 1.5292319900863856, 1.48352956034238, 1.5510027167866685, 1.5665998827136685, 0.5713115828672628, 0.8395086488022614, 0.2500849870291242, 0.4717544144332807, 0.870450012601514, 0.12743721578627387]

